06|workday:暂无|holiday:暂无
07|workday:00 10 20 30 40 44 46 48 52 57|holiday:00 10 20 30 40 50
08|workday:00 30 40 50|holiday:00 10 20 30 40 50 55
09|workday:00 10 20 30 35 40 45 55 05 55|holiday:暂无
10|workday:04 07 10 15 25 35 45 55|holiday:08 20 32 44 56
11|workday:05 15 25 35 45 55|holiday:08 20 32 50
12|workday:00 05 10 15 20 25 30 36 40 45 50|holiday:00 10 20 30 40 50
13|workday:00 10 20 30 35 40 45 47 50 55 58|holiday:00 10 20 30 40 50
14|workday:05 15 28 40 50|holiday:00 10 20 30 40 50
15|workday:00 10 20 25 28 30 32 35 40 45 55|holiday:00 10 20 25 30 35 40 50
16|workday:05 15 25 34 45 53 58|holiday:02 14 26 38 50
17|workday:10 23 30 35 40 45 50 55|holiday:02 14 26 38 50
18|workday:00 05 10 15 25 30 35 40 45 50 56|holiday:05 20 30 40 50
19|workday:05 10 15 20 30 35 40 45 50 55|holiday:00 10 20 30 40 50
20|workday:05 10 15 20 25 35 45 55|holiday:00 10 20 30 40 50
21|workday:00 05 10 15 20 23 31 39 50|holiday:02 14 26 38 50
22|workday:暂无|holiday:暂无